0000000,0000
1000000,1010
0100000,1110
0010000,1100
0001000,0110
0000100,1000
0000010,0100
0000001,0010
1100000,0100
1010000,0110
1001000,1100
1000100,0010
1000010,1110
1000001,1000
0110000,0010
0101000,1000
0100100,0110
0100010,1010
0100001,1100
0011000,1010
0010100,0100
0010010,1000
0010001,1110
0001100,1110
0001010,0010
0001001,0100
0000110,1100
0000101,1010
0000011,0110
1110000,1000
1101000,0010
1100100,1100
1100010,0000
1100001,0110
1011000,0000
1010100,1110
1010010,0010
1010001,0100
1001100,0100
1001010,1000
1001001,1110
1000110,0110
1000101,0000
1000011,1100
0111000,0100
0110100,1010
0110010,0110
0110001,0000
0101100,0000
0101010,1100
0101001,1010
0100110,0010
0100101,0100
0100011,1000
0011100,0010
0011010,1110
0011001,1000
0010110,0000
0010101,0110
0010011,1010
0001110,1010
0001101,1100
0001011,0000
0000111,1110
